$ANSIBLE_VAULT;1.1;AES256
66643166363632396366366637666533323461666462623564616236303333313565343063646439
6365303337313961666665656535616635396661663439380a366335366531373239656566636235
65343864303235353830316233306631326161346635373465366362393732386532343263323536
6534306662643664650a663832306161666232386665326632383236383331666662653035383730
31373433346339326263393239313439356261323066643735643737393031666631643363643333
61363431663130383061333430643166643065393133333832336238306631623634306230323439
64396666396430323363363933633132613737356232383938373262383539363437306564643635
66356333623862366563393765363233636462376638633432353331376363363237343734656261
33653561393161326564616331626365653263303632613136643566613532383266346438333930
30373233643565653332336662303030666131656131363766616364326135396566386435356162
34373134663932613432666435626434363032613731353736353161653064323939313936303364
61343531366339373963633164663864636438353666623230346634633334343366326638383538
63633931626637363732633236393961326662373537623163643061616336343734636431396165
31623938373839666564663330326262626664656237353164313534313361383663343864613365
66666463393562333833383933366564323838323238386365366433323361343263323838623936
64373535396434333166613230353662643235346332393437333532383932303036623536363363
66663666356562393436323334643232623635613937313563383234323133383432636662393832
36613532346130353130643965313862623531366564326239373263366664653631333065623634
36643065353262636630393864333037396164346639376561613534346439373835353865353861
30386561383864303765623734653033333333616231396565666137616238343231306138306461
30336663333563623631656163323436333532363361306636636561613532626262323761656536
36613762663737303962333637643162636130323136333161396135633731393935373933633363
62376232646366636233653236313566353936643630366231663435303266363138306365363465
65633239396433643965373131376230376438303932316230663133306164363031663036313731
32396535333935343966396330666165383632306464616635626633363634313439343465323538
38386139633334653865376162306539343433333866643939313634383766633366343034663434
35386633666639323137313030663233636265383932353636353265646136333131613661373239
30656165633563323564
